0 1 9628 24732 37212 44380 46236 47964 48860 49116 49116 49116 49116 49116 49116 49116 49116 49116 49116 49116 49116 49116 49116 49116 49116 49116 49116 49116 49116 49116 49116 49116 49116 49116
1 16 5824 1088 448 128 256 0 0 0 0 0 0 0 0 0 0 0 0 0 0 0 0 0 0 0 0 0 0 0 0 0 0 0
2 120 6144 6256 3616 960 1152 512 256 0 0 0 0 0 0 0 0 0 0 0 0 0 0 0 0 0 0 0 0 0 0 0 0 0
3 560 6272 3040 1824 1696 1696 1696 1696 1696 1696 1696 1696 1696 1696 1696 1696 1696 1696 1696 1696 1696 1696 1696 1696 1696 1696 1696 1696 1696 1696 1696 1696 1696
4 1820 6360 6824 4840 4872 5928 7144 8104 8232 8360 8744 8744 8360 8360 8744 8744 8360 8360 8744 8744 8360 8360 8744 8744 8360 8360 8744 8744 8360 8360 8744 8744 8360
5 4368 5728 6912 6176 6240 5760 5056 4096 3968 3840 3584 3456 3840 3840 3584 3456 3840 3840 3584 3456 3840 3840 3584 3456 3840 3840 3584 3456 3840 3840 3584 3456 3840
6 8008 7280 4608 2688 1536 1216 320 192 192 320 192 192 192 320 192 192 192 320 192 192 192 320 192 192 192 320 192 192 192 320 192 192 192
7 11440 5920 3136 1920 1152 512 384 512 512 384 384 512 512 384 384 512 512 384 384 512 512 384 384 512 512 384 384 512 512 384 384 512 512
8 12870 6124 4764 3548 2588 2076 1820 1820 1820 1820 1820 1820 1820 1820 1820 1820 1820 1820 1820 1820 1820 1820 1820 1820 1820 1820 1820 1820 1820 1820 1820 1820 1820
9 11440 2944 2624 1088 1024 384 256 0 0 0 0 0 0 0 0 0 0 0 0 0 0 0 0 0 0 0 0 0 0 0 0 0 0
10 8008 2064 1024 1152 896 256 256 0 0 0 0 0 0 0 0 0 0 0 0 0 0 0 0 0 0 0 0 0 0 0 0 0 0
11 4368 704 128 0 0 0 0 0 0 0 0 0 0 0 0 0 0 0 0 0 0 0 0 0 0 0 0 0 0 0 0 0 0
12 1820 384 400 1024 64 64 128 0 0 0 0 0 0 0 0 0 0 0 0 0 0 0 0 0 0 0 0 0 0 0 0 0 0
13 560 128 0 0 0 0 0 0 0 0 0 0 0 0 0 0 0 0 0 0 0 0 0 0 0 0 0 0 0 0 0 0 0
14 120 32 0 0 0 0 0 0 0 0 0 0 0 0 0 0 0 0 0 0 0 0 0 0 0 0 0 0 0 0 0 0 0
15 16 0 0 0 0 0 0 0 0 0 0 0 0 0 0 0 0 0 0 0 0 0 0 0 0 0 0 0 0 0 0 0 0
16 1 0 0 0 0 0 0 0 0 0 0 0 0 0 0 0 0 0 0 0 0 0 0 0 0 0 0 0 0 0 0 0 0
