0 1 1061707 5770252 8327797 9693032 10964342 12447252 13852252 15068552 16227202 17160602 18097102 18825402 19454602 19989902 20455202 20848502 21183702 21519302 21769402 22006902 22191502 22355002 22492302 22613102 22718702 22796902 22905702 23015902 23108102 23181102 23229702 23272702
1 25 1634500 566650 209700 232900 161500 174800 186300 150500 100800 126800 85300 136600 77800 70200 55400 46200 47900 45600 54600 30400 37000 35800 36200 24200 22800 15600 11200 13200 10800 8200 11800 7000
2 300 2088900 1520300 823650 687900 944600 809600 621900 550300 468500 387900 324200 239100 230800 189500 174700 143600 164900 111600 78600 67700 59500 57700 40800 39400 28800 63200 56800 48200 43200 28200 21400 21200
3 2300 2433800 1522650 1330800 1720600 1621200 1505100 1497600 1457100 1442800 1437700 1402000 1405000 1414200 1411200 1392000 1381000 1370800 1364200 1373800 1355800 1358600 1347400 1344200 1345200 1336000 1340000 1335800 1339600 1332600 1330800 1332000 1331400
4 12650 2699125 1958225 1899425 1996825 2204725 2236825 2329025 2383675 2457025 2498425 2525925 2485225 2503125 2465025 2454225 2488425 2464025 2470025 2502225 2470225 2475825 2481825 2459825 2430025 2424225 2416625 2422025 2412625 2406425 2412625 2404025 2396425
5 53130 2919220 1989910 2307210 1769710 1656810 1405610 1320210 1058010 1029610 921510 845210 819210 739910 718510 672310 679710 641510 637510 648310 636110 614310 583110 574110 567310 589110 562310 552310 539310 538510 530110 528710 523310
6 177100 3040250 2875600 3346700 3553300 3788750 3672600 3596100 3501200 3640400 3527500 3686400 3588000 3678700 3635300 3689200 3675400 3718400 3634500 3709700 3728500 3831300 3793900 3864700 3842700 3906100 3827700 3901300 3823500 3887900 3822300 3884700 3823100
7 480700 3112000 2635900 2668600 2298900 1906400 1770000 1508200 1336100 1133700 946900 772600 711800 608100 527400 474100 350700 349100 323500 241500 195900 134700 122100 126700 95700 94900 90700 61500 66700 41900 34700 28900 29100
8 1081575 3056900 3075925 2819700 2496850 2377100 2237700 2128900 1986500 1907300 1904400 1897700 1815700 1734800 1676700 1632700 1644100 1594700 1540500 1498200 1526400 1481800 1494500 1487400 1517700 1476000 1467700 1431200 1407500 1397800 1399100 1390200 1388100
9 2042975 2923850 3120400 2478300 2021100 1776300 1475600 1218500 1094900 915000 794100 670100 502000 453800 476000 359900 272900 209300 220900 182900 153700 117100 99500 69500 59300 56100 36900 43500 29100 35900 17300 14100 11100
10 3268760 2593150 2788190 2459440 2271980 2044570 1878270 1823370 1614220 1390470 1156120 987870 931020 868570 723020 704970 604520 580770 439620 447370 382420 377270 295220 250270 197020 168670 138620 138670 124020 116070 116620 108870 97420
11 4457400 2109800 2093850 1746100 1583400 1465900 1319400 1095400 990700 815000 763300 632100 572100 453600 373700 320700 315300 311500 275500 233900 204700 187700 159500 145500 132100 130900 130700 123500 121300 123900 116100 113500 111100
12 5200300 1618975 1657475 1350925 1341925 1058225 1119975 1062425 1036875 944225 976375 837425 845975 731825 770375 652825 676875 540925 601475 515225 552975 497825 579375 534025 577375 483425 559775 472625 527575 454625 516775 454625 516775
13 5200300 1076650 997050 853100 829600 697000 627700 492400 474800 437100 358400 285400 241600 235500 182500 209700 150300 143500 97900 109700 75100 55900 41500 23700 17500 16500 11300 10900 16700 10100 6300 2900 2700
14 4457400 636300 550900 525500 598150 464400 365100 346950 328600 280800 212600 238500 193600 160400 152800 147500 120600 87800 129200 86100 66100 59700 45800 37400 46200 67000 61400 45000 33600 27000 19200 17600 17400
15 3268760 312710 264760 233400 266400 229300 198100 198100 201100 151500 146400 102800 111000 84800 69200 63000 62000 62400 79000 38400 32800 25600 26200 25000 11200 12400 14200 5800 8200 5800 5400 5000 1400
16 2042975 147675 100250 99100 75000 71800 99700 142900 156100 69400 81400 51400 48000 45000 34200 34400 28400 19800 15200 24800 18000 12400 16200 22200 25800 13200 15400 31400 24000 10800 8000 4800 3600
17 1081575 60650 45850 44500 39200 24000 32000 17200 15600 11400 7000 4600 3200 1800 400 0 0 0 0 0 0 0 0 0 0 0 0 0 0 0 0 0 0
18 480700 21300 15100 19800 11400 6900 7000 7600 2800 7600 4200 2000 800 2600 1200 400 200 400 0 0 0 0 0 0 0 0 0 0 0 0 0 0 0
19 177100 5350 2300 3300 3400 1000 400 400 200 1200 600 0 0 0 0 0 0 0 0 0 0 0 0 0 0 0 0 0 0 0 0 0 0
20 53130 870 2145 5985 62260 89210 171100 108100 146000 123400 142200 105800 79100 74500 87300 61200 65700 63000 48900 39700 50700 36400 19800 20600 12600 9600 5400 5200 3400 3000 1600 1600 600
21 12650 750 750 1400 600 400 600 600 600 0 0 0 0 0 0 0 0 0 0 0 0 0 0 0 0 0 0 0 0 0 0 0 0
22 2300 0 0 0 0 0 0 0 0 0 0 0 0 0 0 0 0 0 0 0 0 0 0 0 0 0 0 0 0 0 0 0 0
23 300 0 0 0 0 0 0 0 0 0 0 0 0 0 0 0 0 0 0 0 0 0 0 0 0 0 0 0 0 0 0 0 0
24 25 0 0 0 0 0 0 0 0 0 0 0 0 0 0 0 0 0 0 0 0 0 0 0 0 0 0 0 0 0 0 0 0
25 1 0 0 0 0 0 0 0 0 0 0 0 0 0 0 0 0 0 0 0 0 0 0 0 0 0 0 0 0 0 0 0 0
